AVEC TOUT LE MONDE

angles moyens par angles/sujets avec filtre

         0         0    0.4000    1.0000    1.0000    1.0000    1.0000    1.0000
         0         0         0    1.0000    1.0000    1.0000    1.0000    1.0000
         0         0         0         0    0.4000    1.0000    1.0000    1.0000
         0         0         0         0         0    0.2000    1.0000    1.0000
         0         0    0.6000    1.0000    1.0000    1.0000    1.0000    1.0000
         0         0         0    0.6000    1.0000    1.0000    1.0000    1.0000
         0         0         0    0.2000    1.0000    1.0000    1.0000    1.0000
         0         0    0.4000    1.0000    1.0000    1.0000    1.0000    1.0000
         0         0         0    0.8000    1.0000    1.0000    1.0000    1.0000
         0         0         0    0.2000    1.0000    1.0000    1.0000    1.0000

effaMoy =

         0         0    0.1400    0.5800    0.8400    0.9200    1.0000    1.0000
effaStd =

         0         0    0.2319    0.4367    0.3502    0.2530         0         0

---------------------------------


angles moyens par angles/sujets sans filtre

         0         0         0         0         0    0.4000    1.0000    1.0000
    0.4000    1.0000    1.0000    1.0000    1.0000    1.0000    1.0000    1.0000
         0         0         0         0         0    0.8000    1.0000    1.0000
         0         0         0         0    0.8000    1.0000    1.0000    1.0000
         0         0         0         0    1.0000    1.0000    1.0000    1.0000
         0         0         0         0    0.8000    1.0000    1.0000    1.0000
         0         0         0         0    0.6000    1.0000    1.0000    1.0000
         0         0         0         0    1.0000    1.0000    1.0000    1.0000
         0         0         0         0    1.0000    1.0000    1.0000    1.0000
         0         0         0         0    0.6000    1.0000    1.0000    1.0000

effFaMoy =

    0.0400    0.1000    0.1000    0.1000    0.6800    0.9200    1.0000    1.0000
effFaStd =

    0.1265    0.3162    0.3162    0.3162    0.3910    0.1932         0         0


efficacités par intervalles par sujets avec filtre

effinterval =

    0.6750    0.7714    0.9000    1.0000    1.0000    1.0000    1.0000
    0.6250    0.7143    0.8333    1.0000    1.0000    1.0000    1.0000
    0.4250    0.4857    0.5667    0.6800    0.8500    1.0000    1.0000
    0.2750    0.3143    0.3667    0.4400    0.5500    0.7333    1.0000
    0.7000    0.8000    0.9333    1.0000    1.0000    1.0000    1.0000
    0.5750    0.6571    0.7667    0.9200    1.0000    1.0000    1.0000
    0.5250    0.6000    0.7000    0.8400    1.0000    1.0000    1.0000
    0.6750    0.7714    0.9000    1.0000    1.0000    1.0000    1.0000
    0.6000    0.6857    0.8000    0.9600    1.0000    1.0000    1.0000
    0.5250    0.6000    0.7000    0.8400    1.0000    1.0000    1.0000

moyennes par intervalles 

effMoyInterval =

    0.5600    0.6400    0.7467    0.8680    0.9400    0.9733    1.0000
effStd =

    0.1308    0.1495    0.1744    0.1829    0.1449    0.0843         0


efficacités par intervalles par sujets sans filtre

effFinterval =

    0.3000    0.3429    0.4000    0.4800    0.6000    0.8000    1.0000
    0.9250    1.0000    1.0000    1.0000    1.0000    1.0000    1.0000
    0.3500    0.4000    0.4667    0.5600    0.7000    0.9333    1.0000
    0.4750    0.5429    0.6333    0.7600    0.9500    1.0000    1.0000
    0.5000    0.5714    0.6667    0.8000    1.0000    1.0000    1.0000
    0.4750    0.5429    0.6333    0.7600    0.9500    1.0000    1.0000
    0.4500    0.5143    0.6000    0.7200    0.9000    1.0000    1.0000
    0.5000    0.5714    0.6667    0.8000    1.0000    1.0000    1.0000
    0.5000    0.5714    0.6667    0.8000    1.0000    1.0000    1.0000
    0.4500    0.5143    0.6000    0.7200    0.9000    1.0000    1.0000

effFMoyInterval =

    0.4925    0.5571    0.6333    0.7400    0.9000    0.9733    1.0000
effFStd =

    0.1663    0.1737    0.1571    0.1414    0.1394    0.0644         0


====================================================================================
SANS S002 et S004

effinterval =

    0.6750    0.7714    0.9000    1.0000    1.0000    1.0000    1.0000
    0.4250    0.4857    0.5667    0.6800    0.8500    1.0000    1.0000
    0.7000    0.8000    0.9333    1.0000    1.0000    1.0000    1.0000
    0.5750    0.6571    0.7667    0.9200    1.0000    1.0000    1.0000
    0.5250    0.6000    0.7000    0.8400    1.0000    1.0000    1.0000
    0.6750    0.7714    0.9000    1.0000    1.0000    1.0000    1.0000
    0.6000    0.6857    0.8000    0.9600    1.0000    1.0000    1.0000
    0.5250    0.6000    0.7000    0.8400    1.0000    1.0000    1.0000

effMoyInterval =

    0.5875    0.6714    0.7833    0.9050    0.9812    1.0000    1.0000

effStdInterval =

    0.0945    0.1080    0.1260    0.1130    0.0530         0         0

effFinterval =

    0.6750    0.7714    0.9000    1.0000    1.0000    1.0000    1.0000
    0.4250    0.4857    0.5667    0.6800    0.8500    1.0000    1.0000
    0.5000    0.5714    0.6667    0.8000    1.0000    1.0000    1.0000
    0.4750    0.5429    0.6333    0.7600    0.9500    1.0000    1.0000
    0.4500    0.5143    0.6000    0.7200    0.9000    1.0000    1.0000
    0.5000    0.5714    0.6667    0.8000    1.0000    1.0000    1.0000
    0.5000    0.5714    0.6667    0.8000    1.0000    1.0000    1.0000
    0.4500    0.5143    0.6000    0.7200    0.9000    1.0000    1.0000


effMoyInterval =

    0.5875    0.6714    0.7833    0.9050    0.9812    1.0000    1.0000

effFStdInterval =

    0.0773    0.0883    0.1030    0.0978    0.0598         0         0







==========================================================================================
avec coefficients avec filtre
effa =

         0         0    0.2225    0.5562    0.5562    0.5562    0.5562    0.5562
         0         0         0    0.6789    0.6789    0.6789    0.6789    0.6789
         0         0         0         0    0.3817    0.9543    0.9543    0.9543
         0         0         0         0         0    0.0886    0.4428    0.4428
         0         0    0.3359    0.5598    0.5598    0.5598    0.5598    0.5598
         0         0         0    0.4674    0.7790    0.7790    0.7790    0.7790
         0         0         0    0.1965    0.9824    0.9824    0.9824    0.9824
         0         0    0.3963    0.9909    0.9909    0.9909    0.9909    0.9909
         0         0         0    0.5685    0.7107    0.7107    0.7107    0.7107
         0         0         0    0.1328    0.6640    0.6640    0.6640    0.6640

effaMoy =

         0         0    0.0955    0.4151    0.6304    0.6965    0.7319    0.7319

effaStd =

         0         0    0.1593    0.3232    0.2897    0.2690    0.1925    0.1925



effinterval =

    0.3755    0.4291    0.5006    0.5562    0.5562    0.5562    0.5562
    0.4243    0.4849    0.5657    0.6789    0.6789    0.6789    0.6789
    0.4056    0.4635    0.5408    0.6489    0.8112    0.9543    0.9543
    0.1218    0.1392    0.1624    0.1948    0.2435    0.3247    0.4428
    0.3919    0.4478    0.5225    0.5598    0.5598    0.5598    0.5598
    0.4479    0.5119    0.5972    0.7167    0.7790    0.7790    0.7790
    0.5158    0.5895    0.6877    0.8252    0.9824    0.9824    0.9824
    0.6688    0.7644    0.8918    0.9909    0.9909    0.9909    0.9909
    0.4264    0.4873    0.5685    0.6822    0.7107    0.7107    0.7107
    0.3486    0.3984    0.4648    0.5578    0.6640    0.6640    0.6640

effMoyInterval =

    0.4127    0.4716    0.5502    0.6412    0.6977    0.7201    0.7319

effStdInterval =

    0.1368    0.1563    0.1824    0.2068    0.2195    0.2145    0.1925


-----------------------------------
SANS FILTRE

effFa =

         0         0         0         0         0    0.2138    0.5346    0.5346
    0.2653    0.6633    0.6633    0.6633    0.6633    0.6633    0.6633    0.6633
         0         0         0         0         0    0.7066    0.8832    0.8832
         0         0         0         0    0.3686    0.4607    0.4607    0.4607
         0         0         0         0    0.6959    0.6959    0.6959    0.6959
         0         0         0         0    0.6571    0.8214    0.8214    0.8214
         0         0         0         0    0.5772    0.9621    0.9621    0.9621
         0         0         0         0    0.9588    0.9588    0.9588    0.9588
         0         0         0         0    0.6558    0.6558    0.6558    0.6558
         0         0         0         0    0.3376    0.5627    0.5627    0.5627

effFaMoy =

    0.0265    0.0663    0.0663    0.0663    0.4914    0.6701    0.7198    0.7198

effFaStd =

    0.0839    0.2097    0.2097    0.2097    0.3115    0.2254    0.1785    0.1785


effFinterval =

    0.1604    0.1833    0.2138    0.2566    0.3207    0.4277    0.5346
    0.6135    0.6633    0.6633    0.6633    0.6633    0.6633    0.6633
    0.3091    0.3533    0.4122    0.4946    0.6183    0.8243    0.8832
    0.2188    0.2501    0.2918    0.3502    0.4377    0.4607    0.4607
    0.3480    0.3977    0.4639    0.5567    0.6959    0.6959    0.6959
    0.3902    0.4459    0.5202    0.6243    0.7803    0.8214    0.8214
    0.4329    0.4948    0.5772    0.6927    0.8659    0.9621    0.9621
    0.4794    0.5479    0.6392    0.7671    0.9588    0.9588    0.9588
    0.3279    0.3747    0.4372    0.5246    0.6558    0.6558    0.6558
    0.2532    0.2894    0.3376    0.4052    0.5065    0.5627    0.5627


effFMoyInterval =

    0.3533    0.4000    0.4556    0.5335    0.6503    0.7033    0.7198

effFStdInterval =

    0.1330    0.1441    0.1481    0.1612    0.1933    0.1884    0.1785



=======================================================================================

sans S002 et S004



effaMoy =

         0         0    0.1193    0.4340    0.7031    0.7747    0.7747    0.7747
effaStd =

         0         0    0.1713    0.3152    0.2116    0.1822    0.1822    0.1822


effinterval =

    0.3755    0.4291    0.5006    0.5562    0.5562    0.5562    0.5562
    0.4056    0.4635    0.5408    0.6489    0.8112    0.9543    0.9543
    0.3919    0.4478    0.5225    0.5598    0.5598    0.5598    0.5598
    0.4479    0.5119    0.5972    0.7167    0.7790    0.7790    0.7790
    0.5158    0.5895    0.6877    0.8252    0.9824    0.9824    0.9824
    0.6688    0.7644    0.8918    0.9909    0.9909    0.9909    0.9909
    0.4264    0.4873    0.5685    0.6822    0.7107    0.7107    0.7107
    0.3486    0.3984    0.4648    0.5578    0.6640    0.6640    0.6640


effMoyInterval =

    0.4476    0.5115    0.5967    0.6922    0.7568    0.7747    0.7747
effStdInterval =

    0.1028    0.1174    0.1370    0.1529    0.1686    0.1822    0.1822



-----------------------------------------
effFa =

         0         0    0.2258    0.5646    0.5646    0.5646    0.5646    0.5646
         0         0         0         0    0.3875    0.9687    0.9687    0.9687
         0         0         0         0    0.7148    0.7148    0.7148    0.7148
         0         0         0         0    0.6749    0.8437    0.8437    0.8437
         0         0         0         0    0.5929    0.9882    0.9882    0.9882
         0         0         0         0    0.9848    0.9848    0.9848    0.9848
         0         0         0         0    0.6735    0.6735    0.6735    0.6735
         0         0         0         0    0.3468    0.5780    0.5780    0.5780

effFaMoy =

         0         0    0.0282    0.0706    0.6175    0.7895    0.7895    0.7895

effFaStd =

         0         0    0.0798    0.1996    0.2002    0.1801    0.1801    0.1801

effFinterval =

    0.3811    0.4355    0.5081    0.5646    0.5646    0.5646    0.5646
    0.4117    0.4705    0.5489    0.6587    0.8234    0.9687    0.9687
    0.3574    0.4085    0.4765    0.5718    0.7148    0.7148    0.7148
    0.4007    0.4580    0.5343    0.6412    0.8015    0.8437    0.8437
    0.4447    0.5082    0.5929    0.7115    0.8893    0.9882    0.9882
    0.4924    0.5628    0.6565    0.7879    0.9848    0.9848    0.9848
    0.3368    0.3849    0.4490    0.5388    0.6735    0.6735    0.6735
    0.2601    0.2973    0.3468    0.4162    0.5202    0.5780    0.5780

effFMoyInterval =

    0.3856    0.4407    0.5141    0.6113    0.7465    0.7895    0.7895
effFStdInterval =

    0.0705    0.0805    0.0940    0.1143    0.1589    0.1801    0.1801



=======================================================================================

ANOVA filtrage par angle (sans S002 et S004) sans coeff

anova =

       NaN       NaN    0.2377    0.0271    0.2873       NaN       NaN       NaN

ANOVA filtrage par intervalles

anova =

    0.0543    0.0543    0.0543    0.0395    0.2873       NaN       NaN


ANOVA filtrage par intervalles avec Coeff


anova =

    0.1815    0.1815    0.1815    0.2505    0.9021    0.8720    0.8720

ANOVA filtrage par angles avec coeff

anova =

       NaN       NaN    0.1943    0.0155    0.4198    0.8720    0.8720

